1403638522.827830 0.020021 0.005823 0.182206 -0.055571 0.818886 0.023182 0.570789
1403638522.927830 0.029133 0.008240 0.281812 -0.068302 0.813522 0.018126 0.577225
1403638523.027829 0.032726 0.004499 0.344561 -0.072451 0.809470 0.015135 0.582478
1403638523.127830 0.032800 -0.000630 0.366552 -0.072164 0.808014 0.015567 0.584520
1403638523.227829 0.030998 -0.006885 0.378587 -0.067891 0.806504 0.015363 0.587117
1403638523.327830 0.029832 -0.013368 0.360448 -0.058486 0.804182 0.014728 0.591315
1403638523.427830 0.028973 -0.018566 0.324073 -0.055201 0.805102 0.015405 0.590361
1403638523.527829 0.025681 -0.024606 0.278406 -0.049127 0.811896 0.019072 0.581419
1403638523.627830 0.019869 -0.032174 0.227782 -0.041625 0.822176 0.022914 0.567247
1403638523.727829 0.014115 -0.038218 0.179428 -0.036757 0.829177 0.025751 0.557181
1403638523.827830 0.007823 -0.043011 0.134334 -0.034562 0.831598 0.028396 0.553574
1403638523.927830 0.000951 -0.048373 0.094370 -0.027368 0.831197 0.032700 0.554340
1403638524.027829 -0.004079 -0.051496 0.070085 -0.018606 0.832669 0.040360 0.551985
1403638524.127830 -0.006767 -0.051417 0.071911 -0.014749 0.836963 0.047905 0.544959
1403638524.227829 -0.006139 -0.050120 0.108759 -0.019519 0.840260 0.050583 0.539466
1403638524.327830 -0.003282 -0.050167 0.158938 -0.027755 0.839114 0.050245 0.540919
1403638524.427830 0.002917 -0.049234 0.217016 -0.036714 0.834398 0.048232 0.547819
1403638524.527829 0.010447 -0.047834 0.277688 -0.042146 0.826099 0.047592 0.559928
1403638524.627830 0.019275 -0.045372 0.335258 -0.042593 0.818068 0.043978 0.571854
1403638524.727829 0.027567 -0.041275 0.382978 -0.033452 0.813075 0.038736 0.579904
1403638524.827830 0.033376 -0.036693 0.416091 -0.020973 0.810453 0.033696 0.584457
1403638524.927830 0.037137 -0.032048 0.434753 -0.025113 0.809280 0.033738 0.585915
1403638525.027829 0.037581 -0.030004 0.433953 -0.029629 0.806989 0.037294 0.588642
1403638525.127830 0.038855 -0.028555 0.409708 -0.025460 0.804563 0.041306 0.591882
1403638525.227829 0.039620 -0.028431 0.368468 -0.024270 0.804760 0.046374 0.591288
1403638525.327830 0.038317 -0.027410 0.316229 -0.025152 0.810617 0.051233 0.582789
1403638525.427830 0.034559 -0.028385 0.262704 -0.030608 0.821805 0.054817 0.566299
1403638525.527829 0.030740 -0.028699 0.212958 -0.039888 0.833202 0.055629 0.548716
1403638525.627830 0.028038 -0.030598 0.170085 -0.043574 0.839039 0.053935 0.539634
1403638525.727829 0.026827 -0.033892 0.135829 -0.042234 0.839612 0.049802 0.539247
1403638525.827830 0.026304 -0.033915 0.109845 -0.037947 0.836630 0.043941 0.544683
1403638525.927830 0.024966 -0.036638 0.092103 -0.029097 0.833532 0.041239 0.550161
1403638526.027829 0.022135 -0.050277 0.085698 -0.022983 0.833791 0.040959 0.550078
1403638526.127830 0.017369 -0.076671 0.091945 -0.020413 0.836371 0.034735 0.546681
1403638526.227829 0.013798 -0.109373 0.103572 -0.018205 0.837399 0.025331 0.545701
1403638526.327830 0.008046 -0.147238 0.118028 -0.015154 0.834541 0.016801 0.550481
1403638526.427830 0.000020 -0.190329 0.131724 -0.012794 0.829719 0.007201 0.557989
1403638526.527829 -0.010447 -0.236972 0.142495 -0.011949 0.824576 -0.004473 0.565608
1403638526.627830 -0.021617 -0.290822 0.149859 -0.009582 0.819013 -0.014065 0.573523
1403638526.727829 -0.035096 -0.351642 0.155606 -0.004186 0.814938 -0.021242 0.579144
1403638526.827830 -0.050845 -0.416339 0.159610 0.006255 0.812735 -0.024892 0.582067
1403638526.927830 -0.067977 -0.479155 0.162671 0.010759 0.813933 -0.028893 0.580140
1403638527.027829 -0.083933 -0.538641 0.165620 0.016613 0.818259 -0.038624 0.573310
1403638527.127830 -0.097382 -0.593170 0.170001 0.024621 0.821869 -0.053525 0.566622
1403638527.227829 -0.107388 -0.639033 0.176065 0.033250 0.821238 -0.068162 0.565524
1403638527.327830 -0.112560 -0.670671 0.183081 0.047924 0.816719 -0.079810 0.569477
1403638527.427830 -0.110535 -0.683939 0.188017 0.061771 0.811942 -0.086068 0.574044
1403638527.527829 -0.103995 -0.675578 0.190008 0.068116 0.809866 -0.088669 0.575861
1403638527.627830 -0.090714 -0.644268 0.188979 0.068440 0.810069 -0.087982 0.575641
1403638527.727829 -0.075535 -0.599225 0.187707 0.065137 0.810784 -0.081413 0.575985
1403638527.827830 -0.060649 -0.547106 0.188577 0.055748 0.813276 -0.075753 0.574226
1403638527.927830 -0.042688 -0.490207 0.192161 0.041495 0.815755 -0.071108 0.572508
1403638528.027829 -0.021324 -0.431567 0.193977 0.035182 0.815148 -0.064834 0.574537
1403638528.127830 -0.001393 -0.373275 0.193151 0.026092 0.814385 -0.056612 0.576967
1403638528.227829 0.020989 -0.320827 0.189434 0.014902 0.815679 -0.046713 0.576423
1403638528.327830 0.049269 -0.277389 0.183921 0.003669 0.816514 -0.036174 0.576179
1403638528.427830 0.080653 -0.246431 0.177923 0.001314 0.815116 -0.030432 0.578497
1403638528.527829 0.115318 -0.224778 0.172957 0.002993 0.815801 -0.030265 0.577533
1403638528.627830 0.150276 -0.208691 0.170647 0.002200 0.817933 -0.037420 0.574091
1403638528.727829 0.182672 -0.197758 0.171982 0.003923 0.817953 -0.042981 0.573663
1403638528.827830 0.204361 -0.190297 0.176867 0.005631 0.816831 -0.048935 0.574770
1403638528.927830 0.209826 -0.183898 0.186776 -0.000717 0.815964 -0.056667 0.575318
1403638529.027829 0.199979 -0.175282 0.202651 -0.006271 0.816608 -0.060901 0.573936
1403638529.127830 0.175072 -0.162797 0.216964 0.004356 0.817403 -0.057466 0.573176
1403638529.227829 0.142613 -0.144605 0.221174 0.019783 0.818706 -0.050133 0.571679
1403638529.327830 0.106863 -0.124032 0.215475 0.027476 0.822028 -0.044945 0.567005
1403638529.427830 0.074375 -0.100682 0.198109 0.029227 0.829759 -0.041169 0.555834
1403638529.527829 0.046923 -0.085018 0.176068 0.025375 0.841053 -0.039118 0.538939
1403638529.627830 0.026818 -0.072066 0.150047 0.026080 0.848552 -0.035515 0.527274
1403638529.727829 0.014365 -0.063868 0.123322 0.025512 0.848680 -0.033238 0.527245
1403638529.827830 0.007985 -0.054786 0.101696 0.024240 0.842647 -0.034134 0.536836
1403638529.927830 0.002611 -0.047469 0.082263 0.023899 0.837724 -0.034471 0.544480
1403638530.027829 0.005326 -0.043628 0.068798 0.024277 0.837412 -0.034766 0.544925
1403638530.127830 0.015410 -0.042591 0.058971 0.024507 0.839614 -0.037047 0.541365
1403638530.227829 0.030054 -0.043627 0.049179 0.026684 0.840192 -0.042832 0.539937
1403638530.327830 0.044336 -0.046073 0.039101 0.027873 0.839528 -0.048930 0.540391
1403638530.427830 0.057140 -0.049785 0.030229 0.031243 0.838996 -0.053000 0.540649
1403638530.527829 0.067295 -0.053713 0.023697 0.028900 0.838854 -0.056915 0.540601
1403638530.627830 0.073115 -0.057839 0.018734 0.030655 0.840117 -0.059430 0.538267
1403638530.727829 0.076600 -0.060444 0.013500 0.030988 0.843984 -0.061615 0.531916
1403638530.827830 0.079144 -0.062414 0.008282 0.030990 0.846071 -0.062210 0.528520
1403638530.927830 0.081043 -0.063214 0.004519 0.028564 0.845161 -0.061516 0.530191
1403638531.027829 0.081686 -0.063070 0.001912 0.027155 0.842487 -0.061296 0.534528
1403638531.127830 0.081046 -0.061903 0.001724 0.029587 0.838898 -0.059991 0.540163
1403638531.227829 0.081581 -0.060691 0.000987 0.031916 0.838755 -0.057371 0.540537
1403638531.327830 0.081631 -0.059384 0.000116 0.032626 0.835116 -0.057572 0.546079
1403638531.427830 0.081584 -0.059545 0.000051 0.033442 0.835983 -0.057059 0.544755
1403638531.527829 0.081196 -0.059602 0.000108 0.032958 0.835257 -0.057565 0.545844
1403638531.627830 0.081121 -0.059683 0.000020 0.033505 0.835445 -0.056554 0.545629
1403638531.727829 0.081102 -0.059647 -0.000051 0.033497 0.835606 -0.057064 0.545329
1403638531.827830 0.081149 -0.059643 -0.000107 0.033500 0.835634 -0.057221 0.545270
1403638531.927830 0.081152 -0.059602 -0.000146 0.033413 0.835618 -0.057425 0.545279
1403638532.027829 0.081169 -0.059567 -0.000206 0.033344 0.835613 -0.057582 0.545273
1403638532.127830 0.081213 -0.059584 -0.000226 0.033363 0.835616 -0.057685 0.545257
1403638532.227829 0.081159 -0.059610 -0.000246 0.033606 0.835677 -0.057599 0.545158
1403638532.327830 0.081182 -0.059657 -0.000258 0.033751 0.835661 -0.057595 0.545174
1403638532.427830 0.081160 -0.059697 -0.000270 0.033839 0.835680 -0.057572 0.545141
1403638532.527829 0.081158 -0.059714 -0.000286 0.033887 0.835687 -0.057641 0.545121
1403638532.627830 0.081170 -0.059728 -0.000316 0.033912 0.835702 -0.057712 0.545089
1403638532.727829 0.081160 -0.059722 -0.000340 0.033931 0.835686 -0.057776 0.545105
1403638532.827830 0.081173 -0.059727 -0.000336 0.033949 0.835685 -0.057845 0.545098
1403638532.927830 0.081147 -0.059734 -0.000349 0.034065 0.835691 -0.057841 0.545082
1403638533.027829 0.081151 -0.059764 -0.000353 0.034145 0.835679 -0.057901 0.545090
1403638533.127830 0.081139 -0.059782 -0.000361 0.034198 0.835688 -0.057952 0.545066
1403638533.227829 0.081132 -0.059799 -0.000387 0.034259 0.835679 -0.058005 0.545070
1403638533.327830 0.081137 -0.059809 -0.000389 0.034349 0.835667 -0.058049 0.545078
1403638533.427830 0.081116 -0.059823 -0.000414 0.034339 0.835669 -0.058110 0.545071
1403638533.527829 0.081126 -0.059837 -0.000415 0.034420 0.835659 -0.058154 0.545075
1403638533.627830 0.081123 -0.059872 -0.000417 0.034531 0.835657 -0.058174 0.545070
1403638533.727829 0.081093 -0.059887 -0.000428 0.034674 0.835685 -0.058263 0.545008
1403638533.827830 0.081102 -0.059916 -0.000440 0.034689 0.835641 -0.058361 0.545064
1403638533.927830 0.081146 -0.059923 -0.000495 0.034705 0.835685 -0.058278 0.545004
1403638534.027829 0.081112 -0.059938 -0.000490 0.034841 0.835641 -0.058470 0.545042
1403638534.127830 0.081086 -0.059966 -0.000466 0.035008 0.835691 -0.058677 0.544933
1403638534.227829 0.081066 -0.059954 -0.000458 0.034924 0.835679 -0.058759 0.544948
1403638534.327830 0.081094 -0.059938 -0.000432 0.034771 0.835726 -0.058725 0.544889
1403638534.427830 0.081088 -0.059932 -0.000434 0.034787 0.835786 -0.058796 0.544789
1403638534.527829 0.081074 -0.060013 -0.000423 0.035162 0.835792 -0.059148 0.544718
1403638534.627830 0.081100 -0.060022 -0.000384 0.035122 0.835844 -0.058843 0.544673
1403638534.727829 0.081117 -0.060033 -0.000391 0.035034 0.835849 -0.058652 0.544692
1403638534.827830 0.081106 -0.060058 -0.000391 0.035209 0.835812 -0.058785 0.544722
1403638534.927830 0.081079 -0.060129 -0.000404 0.035607 0.835802 -0.059069 0.544681
1403638535.027829 0.081087 -0.060181 -0.000392 0.035677 0.835810 -0.059116 0.544659
1403638535.127830 0.081080 -0.060226 -0.000380 0.035871 0.835819 -0.059194 0.544625
1403638535.227829 0.081073 -0.060259 -0.000391 0.035919 0.835785 -0.059271 0.544665
1403638535.327830 0.081073 -0.060293 -0.000389 0.036073 0.835780 -0.059397 0.544650
1403638535.427830 0.081072 -0.060302 -0.000369 0.036259 0.835753 -0.059434 0.544674
1403638535.527829 0.081084 -0.060315 -0.000368 0.036319 0.835725 -0.059537 0.544701
1403638535.627830 0.081084 -0.060325 -0.000373 0.036388 0.835731 -0.059539 0.544688
1403638535.727829 0.081086 -0.060356 -0.000367 0.036510 0.835706 -0.059655 0.544706
1403638535.827830 0.081091 -0.060402 -0.000368 0.036631 0.835670 -0.059740 0.544742
1403638535.927830 0.081083 -0.060411 -0.000374 0.036709 0.835663 -0.059833 0.544738
1403638536.027829 0.081084 -0.060442 -0.000367 0.036717 0.835658 -0.059876 0.544741
1403638536.127830 0.081086 -0.060460 -0.000366 0.036816 0.835645 -0.059969 0.544743
1403638536.227829 0.081103 -0.060491 -0.000350 0.036887 0.835621 -0.060040 0.544768
1403638536.327830 0.081100 -0.060504 -0.000370 0.036923 0.835546 -0.060049 0.544879
1403638536.427830 0.081101 -0.060515 -0.000372 0.037049 0.835521 -0.060146 0.544899
1403638536.527829 0.081104 -0.060546 -0.000356 0.037120 0.835515 -0.060168 0.544901
1403638536.627830 0.081093 -0.060546 -0.000359 0.037206 0.835456 -0.060298 0.544971
1403638536.727829 0.081101 -0.060572 -0.000362 0.037347 0.835435 -0.060278 0.544996
1403638536.827830 0.081101 -0.060622 -0.000368 0.037470 0.835397 -0.060403 0.545032
1403638536.927830 0.081099 -0.060657 -0.000368 0.037554 0.835364 -0.060459 0.545070
1403638537.027829 0.081110 -0.060671 -0.000350 0.037645 0.835376 -0.060495 0.545041
1403638537.127830 0.081121 -0.060659 -0.000350 0.037805 0.835344 -0.060470 0.545082
1403638537.227829 0.081122 -0.060657 -0.000334 0.037868 0.835348 -0.060580 0.545060
1403638537.327830 0.081132 -0.060669 -0.000336 0.037901 0.835308 -0.060614 0.545114
1403638537.427830 0.081136 -0.060673 -0.000339 0.037914 0.835287 -0.060613 0.545146
1403638537.527829 0.081146 -0.060669 -0.000320 0.038009 0.835287 -0.060602 0.545140
1403638537.627830 0.081153 -0.060669 -0.000285 0.038159 0.835284 -0.060527 0.545143
1403638537.727829 0.081156 -0.060718 -0.000270 0.038248 0.835327 -0.060595 0.545064
1403638537.827830 0.081149 -0.060704 -0.000253 0.038292 0.835296 -0.060641 0.545102
1403638537.927830 0.081172 -0.060720 -0.000264 0.038325 0.835244 -0.060655 0.545179
1403638538.027829 0.081167 -0.060745 -0.000208 0.038409 0.835308 -0.060724 0.545067
1403638538.127830 0.081156 -0.060751 -0.000196 0.038602 0.835202 -0.060729 0.545215
1403638538.227829 0.081180 -0.060749 -0.000208 0.038634 0.835193 -0.060774 0.545222
1403638538.327830 0.081167 -0.060767 -0.000220 0.038676 0.835184 -0.060716 0.545239
1403638538.427830 0.081241 -0.060735 -0.000152 0.038764 0.835070 -0.060773 0.545401
1403638538.527829 0.081206 -0.060771 -0.000062 0.038790 0.835060 -0.060851 0.545405
1403638538.627830 0.081154 -0.060819 0.000032 0.039056 0.834860 -0.060995 0.545677
1403638538.727829 0.081124 -0.060880 0.000155 0.039205 0.834525 -0.060929 0.546186
1403638538.827830 0.081906 -0.060725 0.000295 0.038760 0.833981 -0.060440 0.547102
1403638538.927830 0.084162 -0.060473 0.001966 0.038908 0.831116 -0.059717 0.551513
1403638539.027829 0.087468 -0.060348 0.005176 0.040051 0.826462 -0.060309 0.558319
1403638539.127830 0.093444 -0.060477 0.011018 0.039933 0.819812 -0.061676 0.567899
1403638539.227829 0.101339 -0.060166 0.022698 0.039838 0.815030 -0.061028 0.574817
1403638539.327830 0.109739 -0.060082 0.042070 0.039369 0.814114 -0.060753 0.576175
1403638539.427830 0.118447 -0.060451 0.068481 0.039299 0.815737 -0.059703 0.573990
1403638539.527829 0.128182 -0.061331 0.099352 0.038949 0.817742 -0.058571 0.571270
1403638539.627830 0.136663 -0.061804 0.131504 0.038109 0.818422 -0.057657 0.570446
1403638539.727829 0.145773 -0.062613 0.153993 0.037511 0.819072 -0.056688 0.569649
1403638539.827830 0.156124 -0.062978 0.165656 0.037350 0.820699 -0.055379 0.567443
1403638539.927830 0.168810 -0.062965 0.173815 0.036060 0.824567 -0.054766 0.561952
1403638540.027829 0.187624 -0.064009 0.179574 0.034770 0.830000 -0.055318 0.553923
1403638540.127830 0.207619 -0.065637 0.186842 0.034381 0.835848 -0.055179 0.545098
1403638540.227829 0.238039 -0.067738 0.193706 0.034843 0.835770 -0.053910 0.545315
1403638540.327830 0.275342 -0.069072 0.204591 0.035626 0.829586 -0.052828 0.554731
1403638540.427830 0.315322 -0.070281 0.213582 0.034979 0.825033 -0.048868 0.561880
1403638540.527829 0.360513 -0.071466 0.217142 0.029571 0.824621 -0.040279 0.563475
1403638540.627830 0.406380 -0.069104 0.223661 0.020936 0.824905 -0.026395 0.564266
1403638540.727829 0.456440 -0.069022 0.228390 0.013802 0.824172 -0.004882 0.566150
1403638540.827830 0.507062 -0.064521 0.233692 0.004878 0.823648 0.021508 0.566673
1403638540.927830 0.558681 -0.055798 0.236769 -0.006829 0.822772 0.049648 0.566158
1403638541.027829 0.611220 -0.042500 0.237948 -0.021780 0.821135 0.072255 0.565723
1403638541.127830 0.663538 -0.023445 0.236429 -0.033883 0.818866 0.088508 0.566107
1403638541.227829 0.718559 -0.005907 0.231220 -0.041645 0.818003 0.099606 0.564991
1403638541.327830 0.773454 0.018759 0.228549 -0.045608 0.817421 0.105531 0.564452
1403638541.427830 0.827564 0.049543 0.231976 -0.048005 0.817525 0.106711 0.563880
1403638541.527829 0.880527 0.084967 0.240347 -0.046752 0.816365 0.107457 0.565522
1403638541.627830 0.935424 0.128192 0.256893 -0.047690 0.814849 0.109690 0.567199
1403638541.727829 0.990840 0.176131 0.279808 -0.054893 0.813044 0.113996 0.568287
1403638541.827830 1.044171 0.230686 0.310966 -0.067093 0.812062 0.120371 0.567067
1403638541.927830 1.095070 0.288105 0.343722 -0.078863 0.810990 0.131927 0.564510
1403638542.027829 1.144303 0.347214 0.370990 -0.092029 0.809270 0.147594 0.561096
1403638542.127830 1.193089 0.406803 0.392321 -0.105611 0.806400 0.166804 0.557443
1403638542.227829 1.240912 0.467739 0.407469 -0.121789 0.802562 0.187819 0.552978
1403638542.327830 1.288786 0.530054 0.417233 -0.136372 0.797475 0.211426 0.548393
1403638542.427830 1.337562 0.593181 0.424221 -0.146633 0.786305 0.232093 0.553495
1403638542.527829 1.384250 0.656600 0.428780 -0.147545 0.772858 0.251490 0.563625
1403638542.627830 1.425754 0.723937 0.432014 -0.144959 0.764475 0.266208 0.568945
1403638542.727829 1.460251 0.793265 0.440040 -0.149208 0.764859 0.270646 0.565224
1403638542.827830 1.487135 0.867027 0.455197 -0.158779 0.769423 0.267845 0.557707
1403638542.927830 1.507479 0.943037 0.476736 -0.164984 0.774949 0.264577 0.549758
1403638543.027829 1.522924 1.019895 0.505168 -0.168177 0.778985 0.261868 0.544356
1403638543.127830 1.537458 1.098346 0.531188 -0.170184 0.781290 0.258694 0.541942
1403638543.227829 1.550610 1.174228 0.553191 -0.169638 0.782225 0.257183 0.541484
1403638543.327830 1.564803 1.252045 0.566759 -0.169908 0.782879 0.254970 0.541500
1403638543.427830 1.579799 1.332788 0.576921 -0.171108 0.782852 0.256448 0.540462
1403638543.527829 1.594935 1.414901 0.583959 -0.175112 0.781051 0.263665 0.538309
1403638543.627830 1.608323 1.497091 0.588751 -0.180287 0.776634 0.279214 0.535141
1403638543.727829 1.620771 1.577408 0.593246 -0.189618 0.769864 0.298621 0.531206
1403638543.827830 1.632344 1.662661 0.602152 -0.199624 0.760089 0.321732 0.528112
1403638543.927830 1.643899 1.752293 0.619271 -0.214005 0.750660 0.342304 0.523010
1403638544.027829 1.652813 1.832294 0.640409 -0.229163 0.744103 0.357047 0.516055
1403638544.127830 1.662455 1.910300 0.662129 -0.241318 0.740565 0.366672 0.508803
1403638544.227829 1.674838 1.992744 0.680637 -0.251027 0.737716 0.371165 0.504972
1403638544.327830 1.690177 2.083599 0.692337 -0.255319 0.735993 0.374251 0.503053
1403638544.427830 1.706835 2.172822 0.700908 -0.256377 0.736611 0.375437 0.500722
1403638544.527829 1.724367 2.262580 0.707777 -0.255495 0.735833 0.375519 0.502252
1403638544.627830 1.742998 2.354588 0.714767 -0.259799 0.730544 0.374859 0.508222
1403638544.727829 1.760820 2.448385 0.729906 -0.263400 0.726020 0.374999 0.512729
1403638544.827830 1.776545 2.540343 0.748955 -0.262324 0.727715 0.376946 0.509440
1403638544.927830 1.794299 2.629698 0.758829 -0.261166 0.730610 0.378387 0.504802
1403638545.027829 1.812606 2.718941 0.763208 -0.262460 0.730053 0.378564 0.504804
1403638545.127830 1.825176 2.808192 0.769603 -0.263402 0.728946 0.378780 0.505749
1403638545.227829 1.842002 2.897231 0.763787 -0.262313 0.729154 0.380548 0.504687
1403638545.327830 1.857190 2.984660 0.755207 -0.263019 0.727012 0.381083 0.507001
1403638545.427830 1.875539 3.075205 0.740220 -0.264906 0.726021 0.380238 0.508073
1403638545.527829 1.893166 3.165603 0.725161 -0.267884 0.724730 0.383715 0.505734
1403638545.627830 1.906979 3.251332 0.717985 -0.275034 0.721150 0.392651 0.500123
1403638545.727829 1.923006 3.334325 0.713212 -0.283307 0.714881 0.406817 0.493135
1403638545.827830 1.939478 3.417601 0.718521 -0.293562 0.704375 0.425334 0.486589
1403638545.927830 1.955131 3.502653 0.729969 -0.303874 0.692728 0.446555 0.477889
1403638546.027829 1.971322 3.588924 0.747706 -0.312356 0.680499 0.467204 0.470186
1403638546.127830 1.989396 3.679386 0.763080 -0.318570 0.669854 0.483297 0.465008
